G06 2024 02 01 12 00 00 4.237480461597E-04-1.421085471520E-11 0.000000000000E+00
     6.700000000000E+01-1.393750000000E+01 3.620150793812E-09 1.590461496282E+00
    -6.705522537231E-07 3.138781059533E-03 8.469447493553E-06 5.153559024811E+03
     3.888000000000E+05 4.842877388000E-08-2.121233971075E+00 1.862645149231E-08
     9.896950228045E-01 2.292812500000E+02-7.861354755723E-01-7.650318666480E-09
     4.285892810353E-11 1.000000000000E+00 2.299000000000E+03 0.000000000000E+00
     2.000000000000E+00 0.000000000000E+00 3.725290298462E-09 6.700000000000E+01
     3.816180000000E+05 4.000000000000E+00
G11 2024 02 01 12 00 00-5.607558414340E-04-1.330136001343E-11 0.000000000000E+00
     1.480000000000E+02-9.062500000000E+00 4.113742782470E-09 2.740616646187E+00
    -3.948807716370E-07 1.249465043657E-03 8.365139365196E-06 5.153662235260E+03
     3.888000000000E+05-1.117587089539E-08-2.085576352306E+00-2.235174179077E-08
     9.661044798437E-01 2.200000000000E+02-2.469811933581E+00-7.914972547519E-09
     9.321816862518E-11 1.000000000000E+00 2.299000000000E+03 0.000000000000E+00
     2.000000000000E+00 0.000000000000E+00-8.381903171539E-09 6.600000000000E+02
     3.816180000000E+05 4.000000000000E+00
G12 2024 02 01 12 00 00-4.736785776910E-04-3.751665644810E-12 0.000000000000E+00
     7.500000000000E+01 6.056250000000E+01 4.660194115790E-09-2.720148413670E-03
     3.101304173470E-06 8.957009762530E-03 6.161630153660E-06 5.153713005070E+03
     3.888000000000E+05-1.620501279830E-07 2.124572484720E+00 1.005828380580E-07
     9.629995869010E-01 2.631562500000E+02 1.408589416990E+00-8.285702275610E-09
     2.857261873570E-11 1.000000000000E+00 2.299000000000E+03 0.000000000000E+00
     2.000000000000E+00 0.000000000000E+00-1.257285475730E-08 7.500000000000E+01
     3.816060000000E+05 4.000000000000E+00 0.000000000000E+00 0.000000000000E+00
G19 2024 02 01 12 00 00 4.346026107669E-04 5.229594535194E-12 0.000000000000E+00
     8.000000000000E+01-1.440625000000E+01 4.324108687912E-09-6.603942770781E-01
    -7.208436727524E-07 9.444223716855E-03 5.915760993958E-06 5.153681970596E+03
     3.888000000000E+05-1.098960638046E-07-3.075179086924E+00-2.030283212662E-07
     9.701129719335E-01 2.739062500000E+02 2.475756540695E+00-8.135338869518E-09
    -1.535778257043E-10 1.000000000000E+00 2.299000000000E+03 0.000000000000E+00
     2.000000000000E+00 0.000000000000E+00-1.536682248116E-08 8.000000000000E+01
     3.816180000000E+05 4.000000000000E+00
G24 2024 02 01 12 00 00-4.243291914460E-04-6.593836587850E-12 0.000000000000E+00
     3.900000000000E+01-6.000000000000E+00 5.107355599000E-09 1.748451784640E+00
    -4.526227712630E-07 1.507949922230E-02 1.017935574050E-05 5.153733896260E+03
     3.888000000000E+05-3.483146429060E-07 9.137949063800E-01-1.713633537290E-07
     9.339562581810E-01 1.715000000000E+02 9.654865403210E-01-8.254986710470E-09
    -9.071806448580E-11 1.000000000000E+00 2.299000000000E+03 0.000000000000E+00
     2.000000000000E+00 0.000000000000E+00 2.328306436540E-09 3.900000000000E+01
     3.816060000000E+05 4.000000000000E+00 0.000000000000E+00 0.000000000000E+00
G25 2024 02 01 12 00 00 4.872102290390E-04 1.250555214940E-12 0.000000000000E+00
     7.100000000000E+01 6.418750000000E+01 4.985564811640E-09-1.203190272220E-01
     3.419816493990E-06 1.180177694190E-02 6.416812539100E-06 5.153617530820E+03
     3.888000000000E+05-3.352761268620E-08 2.039317005720E+00 2.142041921620E-07
     9.508281304250E-01 2.512812500000E+02 1.071291723210E+00-8.503568493470E-09
     6.857428496560E-11 1.000000000000E+00 2.299000000000E+03 0.000000000000E+00
     2.000000000000E+00 0.000000000000E+00 5.587935447690E-09 7.100000000000E+01
     3.816060000000E+05 4.000000000000E+00 0.000000000000E+00 0.000000000000E+00
G28 2024 02 01 12 00 00-1.167804002760E-04-1.216449163620E-11 0.000000000000E+00
     1.700000000000E+02 7.468750000000E+00 4.430184534970E-09-7.769408745230E-01
     4.600733518600E-07 6.892199162390E-04 1.062266528610E-05 5.153588348390E+03
     3.888000000000E+05 1.117587089540E-08 9.744045986510E-01-4.842877388000E-08
     9.613795046070E-01 1.721250000000E+02 1.717785680390E+00-7.922115702200E-09
    -1.446488823490E-10 1.000000000000E+00 2.299000000000E+03 0.000000000000E+00
     2.000000000000E+00 0.000000000000E+00-9.313225746150E-09 1.700000000000E+02
     3.816060000000E+05 4.000000000000E+00 0.000000000000E+00 0.000000000000E+00
G29 2024 02 01 12 00 00-6.077792495489E-04 6.821210263297E-13 0.000000000000E+00
     6.000000000000E+01-1.753125000000E+01 4.341966574622E-09-2.740565051992E+00
    -9.238719940186E-07 2.568399999291E-03 5.910173058510E-06 5.153648441315E+03
     3.888000000000E+05-3.911554813385E-08-3.104839363308E+00 1.303851604462E-08
     9.733244852716E-01 2.722812500000E+02 2.511189740515E+00-8.042120700893E-09
    -2.646538810393E-10 1.000000000000E+00 2.299000000000E+03 0.000000000000E+00
     2.000000000000E+00 0.000000000000E+00-1.024454832077E-08 6.000000000000E+01
     3.816180000000E+05 4.000000000000E+00
G32 2024 02 01 12 00 00-6.090681999920E-04-2.387423592150E-12 0.000000000000E+00
     1.210000000000E+02-5.112500000000E+01 4.724839665680E-09-1.987493109350E+00
    -2.590939402580E-06 7.475894759410E-03 6.573274731640E-06 5.153627048490E+03
     3.888000000000E+05 9.126961231230E-08-4.881737881120E-02-7.450580596920E-09
     9.615379020620E-01 2.510000000000E+02-2.187739792280E+00-8.050692486510E-09
    -4.035882396420E-11 1.000000000000E+00 2.299000000000E+03 0.000000000000E+00
     2.000000000000E+00 0.000000000000E+00 4.656612873080E-10 1.210000000000E+02
     3.816060000000E+05 4.000000000000E+00 0.000000000000E+00 0.000000000000E+00