>2024       2       1      12       0     0.000000
G06    2199289.3102757689   21018747.9563552700   16089265.7221610323   23538080.4283122756         39.6186630448
G11   10930601.3464568406   23518465.9815346375    5872292.7360785091   23913016.0816191286         47.2300752389
G12   15159275.7461459246    2957446.5937673561   21315028.0454801321   20031041.4551058300         13.3203570982
G19   -5923766.0513703898   14564365.5066948980   21161191.1229501888   23963623.2393715903         49.0762364618
G24   21013013.9838778377   14110081.2693056017    8302169.6756795784   21797760.3839845844         20.1488610082
G25   17288829.3380322196   -9430375.5932381116   17353805.7502397373   20728523.8168497160         15.5318768953
G28    -182576.2571163867  -19892892.9710884690   17576968.7162948176   24628202.1523827016         46.0395046794
G29   25752639.7497240007   -4484955.6010756753   -5047789.6894242037   24044183.1818604656         46.6957857612
G32   11550743.8273565453  -14775470.3465367910   18921670.6798106767   22174107.5606895536         20.9591930407
>2024       2       1      12       0    30.000000
G06    2160140.0511143450   20971820.0008818097   16156266.1787746437   23533637.0627292320         39.5512202985
G11   10911825.1730126534   23504102.9935970902    5964248.3955267230   23898998.9836813435         46.9650332635
G12   15122526.3977999780    3032174.1159071992   21330625.1883111410   20033261.0606088415         13.3331366449
G19   -6005790.5329580288   14563003.2409764826   21138148.0597417317   23982181.1379594132         49.4798393034
G24   21028115.4146959148   14140790.3697929960    8216749.7940802071   21814206.9547552094         20.2658946082
G25   17268522.2764962837   -9364527.6312625725   17409340.2248449326   20718336.7468189746         15.5026065706
G28    -136722.8601527493  -19843530.5673417859   17633005.9916377217   24608388.4335035458         45.8941364910
G29   25771694.9007515460   -4478933.3460461851   -4954412.2929388527   24022477.2760571614         46.3260772243
G32   11621701.7179652359  -14780104.2973876577   18873430.7888992205   22169497.9360165298         20.9553181837
>2024       2       1      12       1     0.000000
G06    2120754.1757536214   20924762.7730098777   16222957.3100787196   23529300.0458098836         39.4855012700
G11   10892829.6157683320   23489486.6374381520    6056090.2285069004   23885040.7229181230         46.7027569186
G12   15085879.2409437783    3107017.0871290397   21345802.7788587585   20035558.0885222629         13.3460452455
G19   -6087731.8303237269   14561784.2748109866   21114691.1061037257   24000789.9983573854         49.8874629789
G24   21043052.2099286616   14171233.0850447137    8131173.9548662733   21830712.0118784420         20.3842790233
G25   17248243.9517196789   -9298449.9581633396   17464529.3262943588   20708217.4819479138         15.4736981040
G28     -90651.3379958272  -19794083.7436006889   17688705.1008693166   24588582.3785175085         45.7462072464
G29   25790409.7095478624   -4472929.9956405070   -4860940.6831689570   24000794.4729497023         45.9598587018
G32   11692474.2564497385  -14784838.6448072288   18824832.7841462269   22164999.2313310653         20.9521015108
>2024       2       1      12       1    30.000000
G06    2081131.6895351764   20877578.0005365685   16289337.8523921557   23525069.4576377124         39.4215051100
G11   10873613.8417266291   23474618.0867874660    6147816.4830095731   23871141.6335648708         46.4432275810
G12   15049335.3228034675    3181973.9444576930   21360560.5189369507   20037931.5358177982         13.3590851525
G19   -6169588.0960872937   14560708.2360912208   21090820.6892320290   24019449.2898467779         50.2991453796
G24   21057823.0695615150   14201409.7578655444    8045443.8119592620   21847274.6198595762         20.5040286184
G25   17227995.6656094380   -9232143.6937372684   17519371.9537995309   20698165.3002205305         15.4451492891
G28     -44361.9878238738  -19744554.1630727649   17744064.9740309715   24568784.1320701875         45.5958052528
G29   25808783.8234778680   -4466944.1442205571   -4767376.6363076661   23979134.7203857377         45.5970948737
G32   11763059.9816300739  -14789672.4821840450   18775877.5554847978   22160610.9973304048         20.9495453189
>2024       2       1      12       2     0.000000
G06    2041272.6087007429   20830267.4129682146   16355406.5480771903   23520946.8401020803         39.3592322002
G11   10854177.0261659902   23459498.5225721002    6239425.4092786657   23857303.0553569309         46.1864218073
G12   15012895.6823743675    3257043.1186836907   21374898.1188339218   20040382.8590939976         13.3722588561
G19   -6251357.4855709616   14559774.7426422201   21066537.2446662150   24038159.8159295097         50.7149278124
G24   21072426.6974729970   14231320.7406744827    7959561.0215493124   21863895.3909456991         20.6251550890
G25   17207778.7149506398   -9165609.9670755230   17573867.0136514977   20688181.2245759703         15.4169562607
G28       2144.8827761896  -19694943.4888406284   17799084.5476809740   24548994.2994939126         45.4430109808
G29   25826816.9008352645   -4460974.3843731964   -4673721.9303463455   23957497.9927355722         45.2377293750
G32   11833457.4386737887  -14794604.8950460609   18726565.9997276925   22156334.1026595421         20.9476483468
>2024       2       1      12       2    30.000000
G06    2001176.9603894483   20782832.7414356954   16421162.1455785688   23516931.2114187106         39.2986628888
G11   10834518.3526906315   23444129.1328677610    6330915.2598134112   23843524.9425087422         45.9323107932
G12   14976561.3503671121    3332223.0344461100   21388815.2973223738   20042911.0613754615         13.3855682410
G19   -6333038.1568938680   14558983.4022383373   21041841.2162770554   24056919.6437583454         51.1348185751
G24   21086861.8014915995   14260966.3954775780    7873527.2420642367   21880573.7791181840         20.7476740922
G25   17187594.3913470730   -9098849.9165266864   17628013.4192410670   20678265.2143862359         15.3891186238
G28      48868.9557993412  -19645253.3838073649   17853762.7648982294   24529213.0369264632         45.2879101354
G29   25844508.6108508110   -4455019.3069796143   -4579978.3450664990   23935885.7462805770         44.8817527090
G32   11903665.1791487411  -14799634.9611014090   18676899.0205551907   22152168.5565743782         20.9464148506
>2024       2       1      12       3     0.000000
G06    1960844.7826521825   20735275.7186318152   16486603.3994317744   23513023.4719111882         39.2398010038
G11   10814637.0132721830   23428511.1128447354    6422284.2894047955   23829808.2044463940         45.6808780925
G12   14940333.3491715472    3407512.1102797934   21402311.7816624641   20045516.1351362132         13.3990157490
G19   -6414628.2710101353   14558333.8126217537   21016733.0562704131   24075729.0314572304         51.5588623769
G24   21101127.0934528485   14290347.0938410982    7787344.1341368593   21897309.4892859645         20.8715993741
G25   17167443.9811593704   -9031864.6896499284   17681810.0910865963   20668417.0930833183         15.3616328505
G28      95809.9028291944  -19595485.5106263608   17908098.5753035322   24509440.5681973472         45.1305832194
G29   25861858.6337143183   -4449077.5012797480   -4486147.6619562116   23914297.7183938846         44.5291191795
G32   11973681.7610962354  -14804761.7502808198   18626877.5284882747   22148114.2645953782         20.9458445564
>2024       2       1      12       3    30.000000
G06    1920276.1244502533   20687598.0787295997   16551729.0702974796   23509223.8463421017         39.1826375225
G11   10794532.2082996778   23412645.6647198647    6513530.7551348349   23816153.1303989179         45.4320928535
G12   14904212.6928132735    3482908.7586787809   21415387.3076078817   20048198.4722611494         13.4126043721
G19   -6496125.9918347932   14557825.5615202840   20991213.2251645215   24094587.6213180907         51.9870900896
G24   21115221.2892569080   14319463.2168674488    7701013.3605645830   21914102.1941769868         20.9969427054
G25   17147328.7654473111   -8964655.4431812558   17735255.9568508342   20658637.6099624224         15.3344982524
G28     142967.3850404769  -19545641.5316349939   17962090.9350766167   24489677.8326731324         44.9711227401
G29   25878866.6605833396   -4443147.5549419383   -4392231.6641925164   23892734.3015088104         44.1797939655
G32   12043505.7490600795  -14809984.3247771114   18576502.4408927560   22144172.0602780096         20.9459426601
>2024       2       1      12       4     0.000000
G06    1879471.0456658527   20639801.5573153943   16616537.9249754194   23505532.0520865954         39.1271638230
G11   10774203.1466095634   23396533.9976927750    6604652.9164651716   23802560.5309006013         45.1859428026
G12   14868200.3869068213    3558411.3861681558   21428041.6194128767   20050956.8443505690         13.4263351889
G19   -6577529.4862591233   14557458.2266668826   20965282.1918007322   24113493.9528555647         52.4195177446
G24   21129143.1089227386   14348315.1551622301    7614536.5862921486   21930951.7887181379         21.1237232158
G25   17127250.0199054033   -8897223.3429758046   17788349.9513764419   20648925.9226310812         15.3077108325
G28     190341.0532261096  -19495723.1087635383   18015738.8069996759   24469924.0298960023         44.8095913517
G29   25895532.3935858905   -4437228.0541337281   -4298232.1366569912   23871196.6576373205         43.8337618918
G32   12113135.7141639814  -14815301.7390887756   18525774.6819487698   22140341.0018740855         20.9467061163
>2024       2       1      12       4    30.000000
G06    1838429.6171044223   20591887.8913129978   16681028.7364304606   23501948.8805186003         39.0733763119
G11   10753649.0455301329   23380177.3278937489    6695649.0352557506   23789030.9644752517         44.9423986872
G12   14832297.4286178574    3634018.3933578869   21440274.4698360004   20053792.1879486218         13.4402115265
G19   -6658836.9242730755   14557231.3758186176   20938940.4333210103   24132448.3262895308         52.8561856990
G24   21142891.2766453922   14376903.3088084217    7527915.4783732062   21947858.1188765652         21.2519516885
G25   17107209.0148065537   -8829569.5639751125   17841091.0167006738   20639283.0218933597         15.2812693171
G28     237930.5477723274  -19445731.9034994394   18069041.1604410484   24450180.2803586833         44.6460796635
G29   25911855.5458485782   -4431317.5835843291   -4204150.8658071952   23849684.7730483525         43.4909785234
G32   12182570.2341528926  -14820713.0400612187   18474695.1826454848   22136622.1291825846         20.9481394201
>2024       2       1      12       5     0.000000
G06    1797151.9204966370   20543858.8189082555   16745200.2838178407   23498474.1537635215         39.0212693348
G11   10732869.1309293937   23363576.8783339709    6786517.3757691691   23775564.5177819021         44.7014368526
G12   14796504.8066202179    3709728.1750088078   21452085.6201457493   20056703.8224707879         13.4542362008
G19   -6740046.4790086802   14557144.5667767487   20912188.4351698346   24151450.0176036060         53.2971273075
G24   21156464.5208541453   14405228.0873432662    7441151.7059232015   21964820.3139313720         21.3816420486
G25   17087207.0149408542   -8761695.2901583817   17893478.1020829529   20629708.7079172507         15.2551727173
G28     285735.4986875188  -19395669.5767950118   18121996.9714000076   24430447.0944750160         44.4806748949
G29   25927835.8414917588   -4425414.7266581506   -4109989.6397290509   23828198.8864927962         43.1514170635
G32   12251807.8934501614  -14826217.2669296060   18423264.8807644509   22133015.4675250612         20.9502474842
>2024       2       1      12       5    30.000000
G06    1755638.0485101324   20495716.0794844441   16809051.3524936885   23495108.1779108606         38.9708388264
G11   10711862.6372519154   23346733.8788470998    6877256.2047228934   23762162.2283734679         44.4630444015
G12   14760823.5010552332    3785539.1200947161   21463474.8401252441   20059691.2785836533         13.4684108114
G19   -6821156.3268148918   14557197.3474070635   20885026.6910861731   24170498.2940504514         53.7423683739
G24   21169861.5742648616   14433289.9097212031    7354246.9401110997   21981838.4981523082         21.5128120642
G25   17067245.2795576751   -8693601.7145016231   17945510.1640251018   20620202.5959541909         15.2294168045
G28     333755.5256112218  -19345537.7889969870   18174605.2225275449   24410724.0099222623         44.3134388857
G29   25943473.0156434141   -4419518.0654220115   -4015750.2480837167   23806739.7536449656         42.8150520760
G32   12320847.2832185738  -14831813.4513622895   18371484.7208594494   22129520.4906344600         20.9530273360
>2024       2       1      12       6     0.000000
G06    1713888.1047311407   20447461.4135244824   16872580.7340695933   23491851.7201149575         38.9220762642
G11   10690628.8075579703   23329649.5660330877    6967863.7913268832   23748824.7059250250         44.2271880958
G12   14725254.4834882300    3861449.6118717734   21474441.9080778286   20062756.0229006894         13.4827387676
G19   -6902164.6473557968   14557389.2556605451   20857455.7030873150   24189593.3159927353         54.1919421023
G24   21183081.1739387140   14461089.2042924408    7267202.8541052556   21998912.8640706129         21.6454719195
G25   17047325.0623043105   -8625290.0389257427   17997186.1663001403   20610766.3060064465         15.2040007335
G28     381990.2378149033  -19295338.1997850202   18226864.9031376652   24391012.3740626089         44.1444586049
G29   25958766.8144586831   -4413626.1807097793   -3921434.4820143599   23785307.8044085540         42.4818434081
G32   12389687.0013994910  -14837500.6175029874   18319355.6542523466   22126138.7171929590         20.9564840323
>2024       2       1      12       6    30.000000
G06    1671902.2037024312   20399096.5625781193   16935787.2263808474   23488704.1952668354         38.8749829357
G11   10669166.8935690206   23312325.1832064614    7058338.4072954897   23735552.2652994283         43.9938630268
G12   14689798.7168697156    3937458.0279391576   21484986.6108309813   20065895.5557858534         13.4972216926
G19   -6983069.6236527767   14557719.8195948936   20829475.9814709313   24208733.7445950210         54.6458823364
G24   21196122.0613338053   14488626.4087645169    7180021.1230680402   22016042.2181377895         21.7796421245
G25   17027447.6111697108   -8556761.4742579721   18048505.0799697265   20601397.7391312197         15.1789208985
G28     430439.2342008743  -19245072.4681126438   18278775.0092165358   24371311.2411409765         43.9737988989
G29   25973716.9951125979   -4407737.6521970863   -3827044.1342113698   23763903.2473823577         42.1517765557
G32   12458325.6527843326  -14843277.7820155863   18266878.6390047409   22122868.3273022398         20.9606167499
>2024       2       1      12       7     0.000000
G06    1629680.4708959535   20350623.2691546455   16998669.6335532703   23485666.1298673265         38.8295479470
G11   10647476.1556978486   23294761.9803331159    7148678.3269194057   23722345.6461661384         43.7630396843
G12   14654457.1554982737    4013562.7402968910   21495108.7437398173   20069110.9957355782         13.5118624147
G19   -7063869.4421890574   14558188.5573961902   20801088.0447960570   24227919.2933866978         55.1042140698
G24   21208982.9823664837   14515901.9701860547    7092703.4240819840   22033226.9563845769         21.9153353566
G25   17007614.1684240624   -8488017.2401811518   18099465.8834111243   20592098.2303710394         15.1541756638
G28     479102.1033369470  -19194742.2521115392   18330334.5434694439   24351621.4850681163         43.8015356915
G29   25988323.3258204535   -4401851.0584652228   -3732580.9988101814   23742526.9363252111         41.8248196681
G32   12526761.8490543123  -14849143.9541275240   18214054.6399123520   22119710.4681006074         20.9654284713
>2024       2       1      12       7    30.000000
G06    1587223.0427197255   20302043.2766548693   17061226.7660174705   23482738.1446527168         38.7857737794
G11   10625555.8630979098   23276961.2139815688    7238881.8270584121   23709205.0684083961         43.5346929353
G12   14619230.7449771278    4089762.1154186255   21504808.1106923707   20072402.6375968233         13.5266648576
G19   -7144562.2929315343   14558794.9774009194   20772292.4198924527   24247150.3479847722         55.5669907198
G24   21221662.6874607503   14542916.3449045457    7005251.4361550976   22050466.1742396802         22.0525620793
G25   16987825.9705642536   -8419058.5651981421   18150067.5623316318   20582868.2130168341         15.1297644368
G28     527978.4234397430  -19144349.2090494558   18381542.5153120868   24331944.3479017094         43.6277592701
G29   26002585.5858460031   -4395964.9770702254   -3638046.8713543955   23721178.3208583817         41.5009312915
G32   12594994.2088336758  -14855098.1356735453   18160884.6284900866   22116665.7860593237         20.9709258784
>2024       2       1      12       8     0.000000
G06    1544530.0665323846   20253358.3293136731   17123457.4405099116   23479919.3742015474         38.7436476454
G11   10603405.2936979234   23258924.1472631879    7328947.1871924866   23696130.9077447653         43.3088079387
G12   14584120.4221725669    4166054.5143216113   21514084.5241140574   20075768.9102452323         13.5416303155
G19   -7225146.3694771854   14559538.5781192407   20743089.6418258175   24266424.9854376316         56.0342228286
G24   21234159.9316048808   14569669.9985398054    6917666.8401767379   22067759.5784628130         22.1913430218
G25   16968084.2482496612   -8349886.6865648190   18200309.1098063923   20573706.7731727287         15.1056842107
G28     577067.7624049485  -19093894.9952406138   18432397.9409108609   24312279.1041768417         43.4525274975
G29   26016503.5655004233   -4390077.9846144971   -3543443.5488221883   23699858.7784477584         41.1801067546
G32   12663021.3577521518  -14861139.3211415913   18107369.5829485357   22113733.3911077157         20.9771087959
>2024       2       1      12       8    30.000000
G06    1501601.7006322742   20204570.1721125394   17185360.4801124968   23477211.1031332202         38.7031695983
G11   10581023.7342436630   23240652.0497779660    7418872.6894419864   23683124.5626849979         43.0853664484
G12   14549127.1151854601    4242438.2926093806   21522937.8049687035   20079211.0492461883         13.5567614579
G19   -7305619.8690499431   14560418.8482574672   20713480.2539159022   24285743.6162921190         56.5059500727
G24   21246473.4744068757   14596163.4059542548    6829951.3188806958   22085107.7911464721         22.3316922370
G25   16948390.2262520678   -8280502.8502681963   18250189.5262821652   20564614.8507505953         15.0819312004
G28     626369.6778117009  -19043381.2659827173   18482899.8431954756   24292626.2009455040         43.2759019419
G29   26030077.0661581941   -4384188.6568125533   -3448772.8295364361   23678568.6622830704         40.8623054791
G32   12730841.9284915272  -14867266.4977172110   18053510.4881828986   22110913.8911430575         20.9839755639
>2024       2       1      12       9     0.000000
G06    1458438.1142529175   20155680.5507012047   17246934.7142801136   23474613.5200724229         38.6643360785
G11   10558410.4803336784   23222146.1975554638    7508656.6186113032   23670186.2563732378         42.8643438727
G12   14514251.7433006577    4318911.8005636232   21531367.7827652544   20082729.0883863829         13.5720616478
G19   -7385980.9926378829   14561435.2667424642   20683464.8077039681   24305105.9649160951         56.9822129331
G24   21258602.0801485814   14622397.0512220468    6742106.5568129523   22102510.1578145549         22.4736224876
G25   16928745.1233909912   -8210908.3109529372   18299707.8196181953   20555592.8226984404         15.0585045702
G28     675883.7169216033  -18992809.6755003706   18533047.2518655583   24272986.5365672074         43.0979623401
G29   26043305.9002647661   -4378295.5685590170   -3354036.5131241973   23657308.0903352611         40.5474977955
G32   12798454.5608321056  -14873478.6453283653   17999308.3357618265   22108207.7783381119         20.9915319190
>2024       2       1      12       9    30.000000
G06    1415039.4875872973   20106691.2113514245   17308178.9788274206   23472125.7575947121         38.6271435254
G11   10535564.8364546392   23203407.8729954138    7598297.2622315036   23657315.9416363016         42.6457283407
G12   14479495.2169562820    4395473.3831940629   21539374.2955592535   20086320.8411356956         13.5875329776
G19   -7466227.9449962918   14562587.3027448542   20653043.8629691340   24324510.5690714344         57.4630428124
G24   21270544.5178385228   14648371.4275945164    6654134.2403095271   22119965.4914915785         22.6171536767
G25   16909150.1524844281   -8141104.3319019182   18348863.0050881468   20546639.0963273533         15.0354020663
G28     725609.4167012200  -18942181.8768645078   18582839.2034212947   24253359.6051615328         42.9187739570
G29   26056189.8913303688   -4372397.2940031076   -3259236.4005736578   23636077.4331279956         40.2356731899
G32   12865857.9017203208  -14879774.7366923578   17944764.1238989346   22105613.7924023457         20.9997805838
>2024       2       1      12      10     0.000000
G06    1371406.0117546897   20057603.9008470438   17369092.1159960143   23469748.6255722344         38.5915795130
G11   10512486.1160231698   23184438.3648137674    7687792.9105758984   23644514.8042516187         42.4294918812
G12   14444858.4377055820    4472121.3803054541   21546957.1899561249   20089988.0576342829         13.6031780072
G19   -7546358.9348022705   14563874.4157046825   20622217.9876880683   24343957.1727972776         57.9484601915
G24   21282299.5612671040   14674087.0374700706    6566036.0574571658   22137474.8222445771         22.7622993307
G25   16889606.5202844441   -8071092.1849594591   18397654.1054218747   20537755.5236525014         15.0126211820
G28     775546.3038417976  -18891499.5219158903   18632274.7411894090   24233746.2244244404         42.7383968928
G29   26068728.8739534803   -4366492.4066097457   -3164374.2940759026   23614877.9935961217         39.9268017453
G32   12933050.6052961424  -14886153.7373599913   17889878.8574559726   22103133.3378920741         21.0087224096
